4.270617 1.925760 24.189300
3.781337 2.016192 23.705833
3.684510 1.991210 22.980932
3.602732 1.985317 22.701365
3.590159 1.984006 22.526822
3.673491 2.015122 23.025703
3.710977 2.031057 23.410214
3.651738 1.993627 22.619102
3.731191 2.009685 23.039718
3.666595 2.022086 23.234955
3.791137 2.025102 23.055382
3.691481 2.038163 23.433312
3.621348 2.008290 22.361211
3.583970 1.992650 22.213619
3.696253 2.010257 22.462981
3.647672 2.001234 22.306657
3.576521 2.027249 22.878354
3.566039 1.992313 22.304174
3.678429 1.986836 22.309465
3.631799 1.979162 22.125483
3.652604 1.994899 22.350929
3.605397 1.992550 22.110063
3.646057 2.015942 22.655142
3.698510 2.015946 21.889283
3.620580 1.992440 22.036587
3.598029 1.999401 21.822174
3.643459 1.993779 21.908715
3.218524 2.009179 21.957825
3.605199 1.992243 21.864346
3.643668 2.001243 21.826552
3.655375 1.993288 21.854630
3.640646 2.006593 22.283570
3.211927 1.993460 21.896145
3.653940 2.042727 23.075624
3.614109 1.984788 21.901378
3.240475 2.063666 23.559091
3.233172 2.043512 23.045467
3.578444 2.005770 22.349321
3.667063 1.993205 22.046979
3.622325 2.013932 22.545398
3.570841 1.998630 22.213027
3.591315 1.991881 21.686151
3.216944 1.986515 21.445747
3.634847 2.007047 22.057573
3.634539 2.000068 22.134774
3.582558 2.011841 22.014003
3.652672 1.999946 22.045667
3.241212 2.044646 22.748889
3.566485 1.990029 21.576573
3.586157 1.990182 21.479602
3.632171 2.007109 22.070231
3.632777 1.999755 21.396921
3.602890 1.999426 21.798060
3.635512 2.013553 21.733798
3.636495 1.998972 21.886934
3.625846 1.999066 21.438755
3.232803 2.002724 21.462475
3.632641 2.006989 21.819189
3.589731 2.004838 21.804208
3.626879 1.985590 21.579858
3.630859 1.986442 21.550956
3.245033 2.016000 21.274140
3.612870 1.991385 21.585977
3.231964 2.002201 21.721417
3.614451 1.991483 21.327142
3.653009 1.992387 21.376252
3.619199 2.005441 21.402665
3.236004 2.001213 21.464168
3.235051 1.994526 21.286644
3.637395 2.013766 21.722092
3.593528 1.984394 21.256233
3.242165 2.001354 21.186249
3.626931 1.991794 21.262244
3.622850 1.999212 21.452003
3.234204 1.995197 21.283413
3.638432 1.992870 21.693589
3.230130 1.994758 21.555337
3.230854 2.002825 21.719806
3.600011 1.999695 21.559285
3.625773 1.992389 21.261515
3.624747 1.985420 21.092214
3.634198 1.999199 21.645895
3.237919 1.997095 21.248072
3.236570 1.999167 21.232665
3.241261 2.003923 21.413854
3.615259 1.984031 21.153948
3.659570 2.026189 21.976008
3.630495 1.989951 21.264632
3.612528 1.992196 21.078886
3.244913 2.001603 21.171861
3.620378 2.018742 21.753144
3.237439 2.006772 21.401191
3.240097 1.995054 21.259614
3.640396 2.011268 21.734144
3.596523 1.982959 21.257166
3.619916 2.006150 21.141445
3.254697 2.036167 22.026263
3.627231 1.997468 21.449215
3.251338 2.017362 21.232880
3.656936 1.998435 21.290766