4.047585 1.992674 2.494307
4.027558 2.105658 1.823442
4.688486 2.181116 0.129253
4.582753 2.187524 0.624984
4.592497 2.207220 0.816730
4.771526 2.188670 -0.134405
4.608490 2.193925 0.351684
4.661670 2.196301 0.158920
4.589265 2.195407 0.731600
4.641177 2.197469 0.555772
4.603647 2.193569 0.393198
4.704898 2.213312 0.360833
4.591470 2.193164 0.741399
4.589858 2.194575 0.736949
4.634474 2.198504 0.345728
4.574742 2.182058 0.750855
4.636081 2.198548 0.332675
5.199200 2.277648 -0.118471
4.699527 2.175735 -0.143637
4.617411 2.192995 0.293913
4.616402 2.192578 0.556687
4.635325 2.210993 0.940313
4.736236 2.222185 0.750395
4.586136 2.186983 0.855640
4.678957 2.201170 0.463789
4.604797 2.194077 0.628302
4.591819 2.203283 0.618583
4.578109 2.197419 0.792838
4.578913 2.195466 0.809878
4.559884 2.192872 0.984885
4.577183 2.204237 0.969138
4.618786 2.199996 1.199852
4.656130 2.203383 0.617839
4.618703 2.207487 1.111407
4.577584 2.197317 1.298037
4.699723 2.176369 0.347127
4.550548 2.191115 1.076014
4.680178 2.178237 0.479890
4.572739 2.202479 1.273765
4.707126 2.189608 0.627935
4.554832 2.183792 1.380578
4.592006 2.193941 1.228061
4.597886 2.194253 1.179301
4.595378 2.194930 1.190478
4.570441 2.189786 0.941616
4.625859 2.198403 1.163972
4.527232 2.191501 1.245904
4.596239 2.192986 0.706992
4.541000 2.182718 1.247014
4.534786 2.184570 1.271498
4.582165 2.189285 1.108521
4.541127 2.183519 1.236578
4.646550 2.180702 0.464611
4.550454 2.191092 1.076998
4.530092 2.178804 1.374714
4.574027 2.183010 0.994951
4.528624 2.186437 1.295340
4.571680 2.182947 1.013486
4.526063 2.185829 1.321569
4.528143 2.193672 1.463504
4.654457 2.179640 0.665529
4.543335 2.185467 1.196990
4.601980 2.201010 1.317543
4.557913 2.198499 0.933173
4.586312 2.209424 1.338047
4.640256 2.183572 0.729265
4.564121 2.191086 1.224032
4.578450 2.197769 1.286087
4.612501 2.226088 1.939165
4.583878 2.196826 1.255909
4.642456 2.196261 0.810206
4.585681 2.196866 1.241664
4.556291 2.184937 1.106014
4.581344 2.195281 1.043561
4.554032 2.205368 1.131363
4.697761 2.195517 0.881775
4.578930 2.195825 1.055495
4.574925 2.189103 0.915719
4.699686 2.181537 0.284944
4.544086 2.190748 0.878871
4.547607 2.197422 0.773556
4.587992 2.187644 0.583622
4.546637 2.198071 0.773179
4.534482 2.184957 1.019191
4.533555 2.192660 0.935068
4.528448 2.177800 0.898821
4.534254 2.184087 1.031176
4.535382 2.183978 1.024063
4.549299 2.191172 1.084726
4.542445 2.190020 0.899779
4.585570 2.187000 0.609753
4.565398 2.189264 0.485982
4.546613 2.189094 0.879485
4.543664 2.183065 0.722982
4.672498 2.181957 -0.004228
4.593684 2.180087 0.380227
4.572635 2.187553 0.701501
4.581952 2.202056 0.958588
4.535619 2.177026 0.854646
4.544028 2.191144 0.624617