4.141972 1.959033 14.829413
4.156612 1.965791 14.911457
4.165424 1.965538 15.111107
4.163745 1.965331 15.123734
4.165086 1.971603 15.291438
4.168456 1.964840 15.100964
4.168456 1.964840 15.100964
4.161983 1.973435 15.038637
4.189030 1.964827 14.975662
4.115173 1.966994 14.895666
4.147130 1.966102 14.964990
4.196695 1.964584 15.181540
4.180519 1.964016 15.037307
4.122566 1.965514 15.119046
4.133082 1.972241 15.227089
4.130481 1.965974 15.316390
4.158728 1.965304 15.154427
4.170327 1.964923 15.088615
4.171206 1.965616 15.075066
4.128183 1.966620 15.072520
4.145812 1.972544 15.146981
4.172055 1.965619 15.069863
4.113285 1.965477 15.174691
4.125293 1.973108 15.263549
4.115479 1.973804 15.063957
4.115479 1.973804 15.063957
4.115479 1.973804 15.063957
4.110238 1.966490 14.930874
4.110238 1.966490 14.930874
4.126257 1.965850 15.093077
4.110940 1.966655 15.174770
4.139046 1.966114 15.263429
4.125646 1.965870 15.346491
4.097402 1.966896 15.252055
4.116265 1.965554 15.156078
4.191210 1.963866 15.223727
4.191210 1.963866 15.223727
4.147933 1.965482 14.967470
4.238174 1.969516 15.115553
4.172703 1.964293 15.081631
4.104648 1.966149 15.217985
4.104648 1.966149 15.217985
4.203983 1.963664 15.147660
4.158178 1.964759 14.914189
4.158178 1.964759 14.914189
4.207540 1.963941 14.872441
4.164237 1.958364 14.953237
4.148149 1.958223 14.801906
4.144398 1.964975 14.994716
4.084132 1.965250 15.099381
4.073997 1.959313 14.978029
4.123455 1.965984 15.108224
4.116376 1.966192 15.147932
4.114806 1.965479 15.165631
4.117070 1.971601 15.330310
4.132163 1.964873 15.319289
4.106871 1.957343 15.308185
4.106871 1.957343 15.308185
4.107375 1.958383 15.292996
4.120471 1.964952 15.388124
4.166189 1.970634 15.546179
4.144728 1.965501 15.236530
4.137390 1.966609 15.267541
4.137390 1.966609 15.267541
4.162847 1.964103 15.143699
4.141839 1.958423 15.087406
4.146887 1.966065 15.466885
4.179775 1.964991 15.280282
4.144019 1.971175 15.173914
4.180891 1.965374 15.018931
4.117050 1.966430 15.141118
4.116538 1.965631 15.153556
4.110026 1.958597 15.024799
4.104248 1.966335 14.968179
4.140030 1.964975 15.020963
4.109430 1.965643 14.945597
4.104988 1.958956 15.050363
4.132267 1.964980 15.317414
4.178722 1.950577 15.207898
4.178722 1.950577 15.207898
4.095392 1.965577 15.029351
4.142651 1.957606 15.092188
4.173136 1.964142 15.080795
4.139990 1.957293 15.111821
4.134748 1.957446 15.141375
4.115090 1.958365 15.247544
4.117288 1.964824 15.408569
4.107410 1.965542 15.458759
4.171078 1.957285 15.424596
4.152252 1.964333 15.455010
4.140492 1.958441 15.345272
4.127871 1.958328 15.422010
4.126122 1.964422 15.360690
4.138347 1.970602 15.464778
4.165529 1.957672 15.453617
4.163467 1.964147 15.389421
4.000655 1.959960 15.391895
4.000655 1.959960 15.391895
4.000655 1.959960 15.391895
4.150304 1.965089 15.457828