3.951320 2.045702 -9.056384
4.122836 2.164394 -9.922071
4.405400 2.218877 -10.936228
4.432842 2.225188 -10.955856
4.435588 2.224204 -10.964294
4.436291 2.211885 -11.076610
4.403937 2.206109 -10.778235
4.442511 2.232995 -10.866017
4.426478 2.219478 -10.593994
4.442926 2.231907 -10.856459
4.451013 2.223458 -11.067345
4.419968 2.225798 -10.870284
4.456637 2.231916 -11.206263
4.417245 2.219840 -11.031948
4.451664 2.231997 -11.170977
4.450095 2.230657 -10.894057
4.406209 2.214336 -10.889542
4.457959 2.225162 -11.137637
4.415727 2.220163 -10.774817
4.445649 2.230858 -10.614089
4.433534 2.223957 -10.696610
4.460036 2.223092 -10.878762
4.413656 2.218703 -10.993143
4.407936 2.213265 -10.889465
4.421014 2.219030 -10.799599
4.416036 2.226602 -10.851359
4.419770 2.227117 -10.884088
4.446339 2.226687 -10.820836
4.426971 2.226866 -10.682944
4.437616 2.224809 -10.735940
4.447465 2.238087 -10.460811
4.445875 2.232703 -10.887057
4.444913 2.226221 -10.805090
4.456417 2.231567 -10.950620
4.410317 2.228061 -10.577240
4.409856 2.218558 -10.714323
4.472582 2.231260 -10.815296
4.442985 2.232931 -10.618716
4.409436 2.218487 -10.710511
4.430032 2.218307 -10.605990
4.408391 2.226776 -10.798671
4.456446 2.237298 -10.767134
4.438974 2.224539 -10.742633
4.412683 2.219657 -10.747203
4.427816 2.231218 -10.739272
4.463205 2.231115 -10.994941
4.417610 2.226665 -10.863369
4.462623 2.230282 -10.731036
4.462456 2.230912 -10.737113
4.456826 2.230099 -10.936602
4.442095 2.218620 -10.946628
4.452603 2.231088 -10.917283
4.408719 2.219173 -10.713302
4.458527 2.223554 -11.123127
4.449668 2.231145 -10.896598
4.461500 2.229195 -10.960233
4.456848 2.223055 -10.605103
4.431013 2.224820 -10.938421
4.454250 2.231249 -10.681147
4.454787 2.222817 -10.837350
4.432126 2.223023 -10.925654
4.425450 2.217786 -10.567030
4.410921 2.218804 -10.974765
4.455913 2.222866 -10.846102
4.450554 2.217194 -10.991341
4.418249 2.226292 -10.613656
4.460593 2.229973 -10.962628
4.452619 2.223865 -10.833736
4.456063 2.230598 -10.936820
4.454611 2.224018 -11.099996
4.420973 2.224816 -10.866153
4.455926 2.222609 -11.093212
4.453763 2.221977 -11.070155
4.465952 2.236522 -10.577663
4.462725 2.227745 -10.702368
4.435060 2.223897 -10.956928
4.458068 2.225020 -11.136793
4.449084 2.223025 -11.048327
4.422137 2.217341 -10.788105
4.420216 2.217155 -10.772190
4.452181 2.223558 -10.826991
4.450099 2.224295 -10.570418
4.444170 2.222965 -10.762001
4.439514 2.224678 -10.748149
4.446724 2.225409 -10.808832
4.439699 2.224441 -10.746738
4.423781 2.210981 -10.726243
4.426160 2.223370 -10.636718
4.433434 2.225335 -10.461823
4.435674 2.224787 -10.721656
4.434839 2.225433 -10.723099
4.442910 2.230965 -10.595448
4.440824 2.222852 -10.736480
4.447367 2.231533 -10.634365
4.447145 2.225412 -10.811909
4.445716 2.232101 -10.878950
4.460332 2.228940 -10.698750
4.393462 2.222094 -10.638443
4.443942 2.224312 -10.775945
4.415317 2.219162 -10.760325