2.137309 2.209601 -20.651019
2.227801 2.220642 -21.042403
1.905466 2.138522 -19.335551
2.219091 2.217764 -20.988604
2.124960 2.210462 -20.618624
2.219392 2.223692 -21.040800
2.220605 2.217015 -20.987155
2.222392 2.220041 -21.019229
2.217135 2.219855 -21.000183
2.216998 2.220119 -21.002004
2.131862 2.212427 -20.657631
2.223849 2.217159 -20.999156
2.224349 2.219810 -21.023735
2.225400 2.226130 -21.081836
2.215196 2.226311 -21.049473
2.227927 2.225725 -21.086754
2.220438 2.224464 -21.050944
2.226308 2.220475 -21.035993
2.223761 2.226171 -21.076737
2.227921 2.226914 -21.097013
2.220159 2.223495 -21.041645
2.211253 2.224781 -21.023195
2.219772 2.222750 -21.033927
2.224590 2.227774 -21.093342
2.224923 2.227528 -21.092326
2.220042 2.224406 -21.049127
2.229128 2.221980 -21.058389
2.219226 2.222703 -21.031710
2.217639 2.223493 -21.033266
2.221734 2.224313 -21.053948
2.216299 2.220728 -21.004953
2.221991 2.225018 -21.060894
2.210256 2.226495 -21.034671
2.206609 2.223675 -20.998278
2.226894 2.228476 -21.107079
2.217063 2.225199 -21.046079
2.229112 2.222937 -21.066606
2.221141 2.229096 -21.093270
2.217794 2.226823 -21.062515
2.207872 2.223825 -21.003753
2.215739 2.227420 -21.060843
2.210145 2.222379 -20.998814
2.229639 2.225699 -21.092241
2.223065 2.229175 -21.100360
2.220551 2.228626 -21.087250
2.228761 2.229751 -21.124322
2.223171 2.229902 -21.106985
2.215690 2.230351 -21.085959
2.225984 2.232520 -21.138961
2.214358 2.226801 -21.050917
2.231510 2.225136 -21.093609
2.243390 2.223838 -21.122060
2.225144 2.227660 -21.094202
2.217872 2.221736 -21.018871
2.227915 2.227844 -21.105024
2.220734 2.228079 -21.083131
2.225853 2.225960 -21.081883
2.230956 2.228564 -21.121392
2.219515 2.227767 -21.076391
2.220387 2.225667 -21.061163
2.226318 2.227400 -21.095866
2.229684 2.225898 -21.094112
2.224649 2.224694 -21.066934
2.221089 2.222647 -21.037410
2.219222 2.221655 -21.022649
2.220694 2.224540 -21.052454
2.226574 2.224787 -21.074145
2.221687 2.227606 -21.082227
2.214223 2.229117 -21.070439
2.219294 2.234136 -21.130593
2.220738 2.227075 -21.074483
2.238107 2.230050 -21.158145
2.225729 2.227087 -21.091203
2.212929 2.224946 -21.030173
2.223440 2.222779 -21.046371
2.212343 2.224409 -21.023603
2.217966 2.223469 -21.034145
2.214593 2.230374 -21.082510
2.215863 2.227068 -21.058218
2.221602 2.225190 -21.061083
2.228365 2.228046 -21.108274
2.224487 2.221987 -21.043009
2.217066 2.224698 -21.041761
2.220295 2.226820 -21.070808
2.237202 2.221498 -21.081123
2.211555 2.224008 -21.017525
2.232356 2.229178 -21.131378
2.229255 2.227217 -21.104073
2.223757 2.222896 -21.048434
2.212465 2.222609 -21.008480
2.222562 2.224442 -21.057809
2.224003 2.225625 -21.072823
2.232527 2.224940 -21.095309
2.238251 2.224686 -21.112220
2.218996 2.229802 -21.092221
2.221167 2.229864 -21.099983
2.219837 2.227158 -21.072199
2.221351 2.230138 -21.102961
2.227069 2.229737 -21.118558
2.211832 2.230594 -21.075235