2.276987 2.126169 17.369358
2.276987 2.126169 17.369358
2.276987 2.126169 17.369358
2.295300 2.129279 17.031916
2.359321 2.131740 16.797292
2.188354 2.128248 17.387068
2.812190 2.252582 17.529192
2.315035 2.127463 16.982830
2.297167 2.122509 17.085492
2.505629 2.210818 18.831195
2.191990 2.093125 15.681548
2.260200 2.121785 16.962569
2.260200 2.121785 16.962569
2.267769 2.118850 16.963780
2.267527 2.128131 16.882990
2.397116 2.192173 19.131680
2.241262 2.128847 17.212033
2.231715 2.118751 16.831191
2.373445 2.181940 19.054043
2.265722 2.121380 17.198190
2.491985 2.142663 16.243560
2.396990 2.144490 16.806208
2.314552 2.124443 17.011132
2.240423 2.128240 17.470060
2.243330 2.134429 17.406481
2.264265 2.131505 17.114004
2.287416 2.124751 16.597708
2.702738 2.163584 14.533208
2.247152 2.129231 17.189598
2.178068 2.136390 17.599113
2.380408 2.130798 16.984621
2.270380 2.119647 17.198272
2.314141 2.123628 17.019697
2.277410 2.135111 17.539344
2.333371 2.127992 16.667309
2.333371 2.127992 16.667309
2.337848 2.188279 19.619744
2.389757 2.136332 16.653604
2.401048 2.180038 18.975787
2.211909 2.133155 17.519033
2.258814 2.128879 17.404801
2.262017 2.128413 17.148468
2.258363 2.127183 16.921149
2.471315 2.204372 19.012067
2.355567 2.128981 16.834409
2.244216 2.122618 16.757036
2.187673 2.128646 17.385774
2.293332 2.182578 19.570094
2.300108 2.118959 17.107167
2.312826 2.124390 17.017305
2.296085 2.167708 19.191272
2.296085 2.167708 19.191272
2.279166 2.133690 17.046075
2.360881 2.181534 18.850677
2.306463 2.120944 16.818739
2.229691 2.109888 16.665279
2.271133 2.135608 17.555547
2.276782 2.121899 17.157602
2.227716 2.126015 17.280526
2.286827 2.119325 16.897457
3.128234 2.279518 17.924930
2.283138 2.127964 17.083429
2.260006 2.129614 17.394481
2.615539 2.225767 18.541333
2.264951 2.123523 17.181867
2.233401 2.120763 17.058155
2.233401 2.120763 17.058155
2.308673 2.176954 19.567962
2.210893 2.127498 17.571610
2.094162 2.133399 17.638475
2.256052 2.138493 17.579515
2.246258 2.122953 17.247495
2.346995 2.172316 19.229410
2.351284 2.124065 16.892424
2.277258 2.118545 17.185567
2.470492 2.191032 18.884371
2.230802 2.138463 17.661815
2.369014 2.186094 19.782507
2.268730 2.123368 17.420929
2.055432 2.136822 17.978627
2.452330 2.204266 19.580501
2.358522 2.128648 17.077458
2.174037 2.133065 17.390759
2.339285 2.129268 17.386302
2.290279 2.114129 17.182004
2.253570 2.125897 17.697999
2.351414 2.115752 16.465899
2.237526 2.134378 17.925742
2.654258 2.236112 18.800552
2.347887 2.123555 17.158304
2.111562 2.114128 16.250319
2.323228 2.087430 15.560808
2.237025 2.128199 17.481405
2.237025 2.128199 17.481405
2.276273 2.130577 17.582926
2.457925 2.104784 15.204090
2.223160 2.137147 17.948000
2.353822 2.181380 20.126141
2.203632 2.134951 17.529953
2.351187 2.123776 17.145316