2.171549 2.079200 -0.882986
2.168391 2.073511 -0.823564
2.167997 2.077363 -0.605930
2.163795 2.076966 -0.839433
2.180432 2.088594 -0.492635
2.165407 2.077602 -0.599972
2.164165 2.076639 -0.587726
2.169168 2.082164 -0.901419
2.177633 2.083184 -0.936696
2.186522 2.092403 -0.044956
2.171065 2.073518 -1.081924
2.169343 2.075794 -0.846430
2.168358 2.073454 -1.072960
2.171616 2.072132 -1.071534
2.179866 2.076608 -0.636266
2.178853 2.073855 -0.609064
2.182836 2.076162 -0.641619
2.177495 2.075615 -0.620208
2.182363 2.080590 -0.428818
2.176987 2.066650 -0.790325
2.168547 2.065405 -0.753312
2.179212 2.084726 -0.205080
2.185195 2.077404 -0.409834
2.166629 2.064813 -0.742213
2.181255 2.084842 0.037526
2.182801 2.094856 0.445334
2.181561 2.081938 -0.438091
2.172034 2.071076 -0.813615
2.173650 2.066620 -1.029713
2.176342 2.070447 -0.821491
2.186995 2.077557 -0.416795
2.184151 2.076511 -0.398778
2.177571 2.060940 -0.992221
2.188152 2.073977 -0.639105
2.184438 2.072690 -0.366272
2.186983 2.083451 0.031750
2.185125 2.068924 -0.585485
2.182229 2.080814 -0.430363
2.186304 2.081077 -0.445394
2.183594 2.078390 -0.413447
2.190921 2.082887 -0.225665
2.188943 2.076433 -0.413051
2.183141 2.076948 -0.399443
2.178453 2.075342 -0.120807
2.181123 2.067753 -0.562796
2.178657 2.070867 -0.332351
2.184811 2.082294 0.048649
2.175417 2.071870 -0.331044
2.182071 2.068182 -0.319499
2.182135 2.071746 -0.350849
2.181633 2.072079 -0.102199
2.190524 2.078789 0.061409
2.182239 2.071562 -0.349572
2.187113 2.069293 -0.344897
2.188151 2.073344 -0.133570
2.185129 2.072270 -0.114752
2.177105 2.064547 -0.272312
2.179912 2.066654 -0.549435
2.188467 2.074763 -0.396963
2.182060 2.076281 0.109754
2.182208 2.072459 -0.107313
2.189561 2.079283 -0.189896
2.181011 2.068076 -0.315276
2.195211 2.079049 -0.205548
2.188873 2.071975 -0.623847
2.184973 2.066333 -0.562350
2.183258 2.075419 -0.136444
2.189927 2.077463 -0.175132
2.181466 2.068681 -0.321978
2.191643 2.083192 -0.230592
2.185810 2.076848 -0.156894
2.190940 2.078725 -0.189335
2.185751 2.068530 -0.333988
2.184214 2.072662 -0.115335
2.184939 2.067618 -0.323486
2.187230 2.078627 -0.176879
2.195162 2.079954 -0.213305
2.189569 2.073903 -0.392881
2.184529 2.070218 -0.594950
2.197121 2.077848 -0.201018
2.188779 2.068301 -0.341405
2.196801 2.091571 0.429986
2.198731 2.074914 -0.430380
2.195429 2.073459 -0.407307
2.186162 2.070022 -0.348317
2.188452 2.062326 -0.538090
2.195356 2.072654 -0.400031
2.189881 2.060824 -0.779371
2.195933 2.068735 -0.367513
2.178128 2.064514 -0.525190
2.195265 2.067985 -0.358863
2.194840 2.070735 -0.131620
2.195230 2.070184 -0.628010
2.194602 2.071696 -0.389289
2.183205 2.067736 -0.569119
2.184205 2.075077 -0.136415
2.195511 2.067354 -0.604106
2.185536 2.065770 -0.559168
2.197613 2.076344 -0.189397
2.194355 2.062024 -1.053796