2.181451 2.109730 8.070017
2.178698 2.119747 8.491600
2.174918 2.121829 8.735471
2.181117 2.122641 8.458794
2.179179 2.122365 8.717330
2.181932 2.115075 8.021988
2.180155 2.117001 8.510862
2.173900 2.117337 8.277708
2.179931 2.119792 8.487306
2.182367 2.124494 8.438724
2.181663 2.128486 8.656278
2.163296 2.078773 6.896370
2.167246 2.085736 6.823447
2.178058 2.118694 8.252781
2.185556 2.123652 8.435919
2.181162 2.107180 7.593122
2.188464 2.120546 8.203704
2.175483 2.119278 8.255843
2.174336 2.103895 7.643194
2.181626 2.118643 8.241932
2.184410 2.120585 8.466224
2.178346 2.123799 8.207514
2.182863 2.129228 8.396019
2.183664 2.121426 8.211273
2.186642 2.121301 7.952915
2.180817 2.119476 8.237246
2.182803 2.124584 8.186554
2.181474 2.122859 8.455770
2.162188 2.083917 6.605022
2.166609 2.106881 7.891497
2.173591 2.107881 7.860869
2.153719 2.080186 6.663752
2.179344 2.110265 7.822012
2.178528 2.124281 8.202749
2.181605 2.123083 8.203405
2.176050 2.117129 8.272727
2.174482 2.126669 8.444841
2.180021 2.114465 8.033339
2.177594 2.114770 8.038352
2.162558 2.079408 6.893138
2.170684 2.117333 8.287888
2.158662 2.079182 6.657182
2.175823 2.124062 8.213226
2.182029 2.109984 7.815976
2.170090 2.121431 8.504191
2.185795 2.127733 8.649684
2.178719 2.122846 8.214613
2.172434 2.104235 7.646210
2.181547 2.126018 8.428084
2.180348 2.122009 8.466720
2.185219 2.116883 7.995861
2.171965 2.112469 8.076100
2.162922 2.085658 6.837583
2.166721 2.084510 6.835759
2.181958 2.128132 8.658415
2.178274 2.122588 8.468259
2.174064 2.108207 8.106539
2.178998 2.123005 8.712340
2.176559 2.117826 8.515059
2.176788 2.114626 8.042145
2.174345 2.123370 8.473907
2.177783 2.122483 8.470729
2.169220 2.126721 8.461045
2.181078 2.119731 8.234208
2.189232 2.130567 8.364110
2.168467 2.081835 6.603626
2.176094 2.123779 8.214818
2.179271 2.127056 8.426296
2.182203 2.118917 8.237723
2.177992 2.122303 8.221629
2.175067 2.117572 8.021977
2.180570 2.114490 7.781384
2.174106 2.103020 7.651527
2.186194 2.110967 7.544267
2.184855 2.113470 7.776715
2.177125 2.110929 7.823226
2.187771 2.116754 7.738898
2.174672 2.098115 7.192440
2.179063 2.101743 7.397069
2.190106 2.120582 7.948172
2.174882 2.103384 7.145924
2.189509 2.123376 7.675765
2.175745 2.112544 7.313538
2.191858 2.112767 7.260664
2.173283 2.111458 7.330735
2.185979 2.116269 7.498795
2.181848 2.108821 7.076679
2.173261 2.101921 7.413744
2.185427 2.116068 7.752294
2.170656 2.078863 6.122732
2.183165 2.079556 6.077702
2.187411 2.121464 7.949058
2.181384 2.107617 7.088623
2.170159 2.119850 7.767694
2.184531 2.113611 7.526508
2.182377 2.109262 7.321166
2.170443 2.078212 6.129070
2.174300 2.102270 7.157449
2.174374 2.111426 7.327577
2.166797 2.110898 7.606014