5.945928 1.990180 14.405090
6.088922 2.012467 14.519741
6.115408 2.014941 14.585496
6.011478 2.003232 14.038869
6.032114 2.014736 14.576032
6.087942 2.010925 14.306339
5.938257 1.985822 15.824579
6.086654 2.012419 14.304358
6.017953 2.029071 15.078323
5.990244 1.980048 15.176610
5.983968 2.015320 14.260128
6.045196 2.021207 14.543196
6.076356 2.008697 14.010933
6.087396 2.013007 14.034910
6.093246 2.010233 13.986707
6.075745 2.010222 13.998302
5.995928 2.002549 14.271782
6.076193 2.019574 14.108812
5.994595 1.995352 14.143963
6.096023 2.019440 14.064320
5.959357 1.992662 14.181581
6.101809 2.014281 14.300424
5.947936 2.002136 14.455570
5.966932 2.008485 14.598508
6.088508 2.011683 14.287078
6.093745 2.011047 14.217638
6.085412 2.018770 14.232771
5.961244 2.008920 14.672328
6.090332 2.011800 14.258113
6.057050 2.007984 14.056973
6.078943 2.003571 14.045554
6.079966 2.013171 14.393498
5.947933 1.990297 13.875440
6.034142 2.003242 13.960371
6.076037 2.015556 14.168123
6.060886 2.006787 14.017452
6.106871 2.018966 14.407653
6.093021 2.015313 14.417877
6.022079 1.999908 14.183308
6.067639 2.005637 14.183996
5.978855 1.983011 15.295652
6.053976 1.986444 15.161116
6.030092 1.983214 15.057152
5.973734 1.972992 15.013184
5.996920 1.972504 14.940640
6.040464 1.979806 14.955197
6.072640 2.010861 14.285365
5.906565 1.958334 14.909754
6.065162 1.983989 15.281425
5.998201 1.965382 15.025934
5.995181 1.991655 14.188727
5.913353 1.963613 14.989929
6.042776 1.984619 15.101809
6.054208 1.987487 15.142660
5.942327 1.985162 13.777528
6.041162 1.979248 14.703048
5.940501 1.968257 14.797705
5.967481 2.014651 14.502962
5.951115 1.988043 13.863462
6.032500 1.975108 14.889428
5.953468 1.993567 14.001085
5.987073 1.997664 14.218043
5.960365 1.986017 15.513095
6.058679 2.007243 14.043530
5.923612 1.965440 15.072369
5.987844 1.973803 15.051282
6.068513 1.988446 15.167510
6.036535 1.991450 15.344571
6.034553 1.990758 15.383441
6.062467 1.985360 15.051492
6.043646 1.977652 14.939817
5.912775 1.956528 15.101193
5.912980 1.955846 15.108365
6.050201 1.983067 15.015345
5.988777 1.974756 15.024180
5.916788 1.956934 14.790252
5.938087 1.987037 14.059431
6.053467 2.009796 14.083903
6.094020 2.009884 14.230059
6.071657 2.016567 14.218853
6.010239 2.008124 14.236830
5.942087 1.984545 13.789775
6.053209 2.003221 13.931532
6.082687 2.013060 14.104509
6.009046 2.014107 14.168776
5.975363 2.018327 14.589423
5.946864 1.997044 14.293449
6.054908 1.985881 15.155496
5.994722 2.013622 14.631033
6.072895 2.009201 14.305195
6.054774 2.001180 13.937689
5.956356 1.998869 14.134584
6.094042 2.013875 14.422995
6.042271 2.010031 13.994775
5.960929 2.005195 14.479912
5.994140 2.000500 14.326656
5.951032 1.993586 14.034893
6.068531 2.009963 14.109104
6.089384 2.016766 14.201773
5.937084 1.986872 13.825728