6.103938 2.029031 -24.690248
5.701200 2.020412 -22.312201
6.106367 2.027019 -25.448533
6.100172 2.022161 -25.286556
6.096626 2.014483 -25.624449
6.103242 2.030003 -25.443451
6.117714 2.032481 -25.197147
6.097185 2.023800 -25.014809
6.105836 2.025686 -25.171715
6.098155 2.020005 -25.225714
6.093328 2.014551 -25.325894
6.100838 2.028390 -24.884517
6.119771 2.028659 -25.424614
6.144326 2.021867 -25.454211
6.095994 2.017239 -25.404057
6.097124 2.035209 -25.424611
6.121689 2.022695 -25.619664
6.101628 2.017279 -25.989371
6.115051 2.034315 -25.682539
6.109960 2.023344 -25.200950
6.103701 2.020113 -25.060748
6.108722 2.030810 -25.537492
6.104864 2.032439 -25.502165
6.114586 2.036815 -25.210561
6.100883 2.021786 -25.291963
6.091842 2.015865 -25.322260
6.107315 2.020253 -25.367276
6.127254 2.039143 -25.685677
6.098352 2.017129 -25.437936
6.113422 2.023355 -25.503507
6.108442 2.026601 -25.223970
6.112233 2.029548 -25.572830
6.089223 2.009699 -25.695388
6.107854 2.026749 -25.217172
6.098283 2.017125 -25.436838
6.103980 2.027586 -25.170526
6.096391 2.023832 -25.503328
6.103066 2.026392 -25.889897
6.125818 2.036331 -25.624401
6.118892 2.040941 -25.083653
6.109445 2.031378 -25.556404
6.097509 2.023883 -25.520858
6.100123 2.024219 -25.064914
6.106329 2.027129 -25.199505
6.100646 2.015831 -25.704059
6.109261 2.031711 -25.308305
6.126127 2.026309 -25.488240
6.107534 2.013134 -25.769644
6.099746 2.023340 -25.296818
6.111656 2.024049 -25.486549
6.104783 2.021761 -25.350395
6.106332 2.024181 -25.907962
6.115762 2.028074 -25.605537
6.102057 2.020868 -25.296655
5.662675 2.017056 -22.293413
6.095023 2.008557 -25.766090
6.099374 2.012033 -25.380964
6.091645 2.009012 -25.471905
6.108130 2.027050 -24.975593
6.112635 2.036259 -25.423226
6.109648 2.023034 -25.191850
6.102262 2.020984 -25.301390
6.108210 2.025290 -25.451964
6.104112 2.022300 -25.347889
6.109131 2.031728 -25.806588
6.086156 2.010311 -25.408221
6.106844 2.027124 -25.207205
6.095978 2.031350 -25.353145
6.110110 2.022826 -25.445900
6.115736 2.020208 -25.494084
6.108514 2.029627 -25.517697
6.109560 2.032569 -25.324884
6.106902 2.032293 -25.530875
6.117487 2.033005 -25.451078
6.082806 1.999379 -24.202115
6.104087 2.014902 -25.742719
6.072949 1.998709 -24.295725
6.095859 2.017583 -24.906908
6.105119 2.020605 -25.089102
6.107085 2.026885 -24.707492
6.104296 2.014897 -25.245803
6.104091 2.019278 -24.804810
6.097644 2.015974 -24.910917
6.097644 2.015974 -24.910917
6.090582 2.009124 -25.207548
6.093556 2.016410 -24.605701
6.098241 2.022333 -24.509952
6.093556 2.016410 -24.605701
6.090582 2.009124 -25.207548
6.116267 2.032124 -24.920177
6.100249 2.015784 -24.947404
6.105996 2.030306 -24.739246
6.109104 2.024150 -24.949381
6.096833 2.008977 -25.299279
6.098868 2.014984 -24.915276
6.101599 2.025997 -24.612221
6.104667 2.019472 -24.816251
6.104411 2.027184 -25.171344
6.094719 2.012395 -25.316156
6.111204 2.022059 -24.951617