3.937169 2.063161 -25.422087
3.941498 2.090717 -24.755040
3.948131 2.082876 -24.955576
3.934271 2.096247 -24.525150
3.921771 2.063759 -25.341371
3.939027 2.103096 -24.378727
3.930604 2.089498 -24.678970
3.918269 2.071211 -25.154809
3.933188 2.082924 -24.620440
3.915561 2.064863 -25.068601
3.918095 2.071955 -24.912127
3.911496 2.064807 -25.295034
3.574168 2.091363 -24.542400
3.928789 2.078336 -25.294123
3.937356 2.084171 -25.158209
3.736580 2.086321 -25.074988
3.952222 2.104060 -24.715689
3.934442 2.090740 -24.964792
3.550363 2.091118 -24.671295
3.604706 2.093127 -24.714719
3.586896 2.097553 -24.921787
3.589242 2.106057 -24.773635
3.577248 2.100746 -24.907065
3.942087 2.095752 -25.064566
3.946168 2.089996 -25.273842
3.945432 2.072333 -25.822065
3.941802 2.065365 -25.973206
3.927220 2.071053 -25.703834
3.949592 2.097208 -25.374085
3.557823 2.100643 -25.058807
3.937622 2.072631 -26.030736
3.925198 2.052604 -26.485816
3.955344 2.071982 -26.124994
3.937442 2.089962 -25.473327
3.928574 2.051992 -26.498037
3.546506 2.109511 -25.345768
3.925958 2.074912 -26.239776
3.958480 2.097031 -25.923523
3.952450 2.091432 -26.076103
3.938578 2.065759 -26.459236
3.520162 2.116534 -25.288759
3.926627 2.065193 -26.634925
3.558275 2.111937 -25.430002
3.936811 2.091436 -25.986142
3.529032 2.114704 -25.313485
3.931554 2.070964 -26.227488
3.933688 2.090384 -25.706503
3.930357 2.085059 -26.128081
3.926659 2.066726 -26.652259
3.936457 2.092290 -25.743631
3.952954 2.096385 -25.884326
3.948110 2.071765 -26.581038
3.960681 2.098696 -25.954891
3.936350 2.069883 -26.492718
3.922910 2.073800 -26.460030
3.935164 2.098192 -25.801933
3.543555 2.121634 -25.458290
3.929865 2.071702 -26.476128
3.966308 2.096606 -25.964211
3.947139 2.072271 -26.581146
3.546486 2.110289 -25.353844
3.935295 2.066219 -26.695679
3.934494 2.057945 -26.598370
3.543148 2.116582 -25.403288
3.944933 2.077449 -26.126491
3.568497 2.105759 -25.416109
3.534688 2.107918 -25.270367
3.924995 2.066132 -26.386174
3.925901 2.072872 -25.966657
3.944526 2.097289 -25.345747
3.533598 2.109008 -25.276392
3.544160 2.108838 -25.327028
3.933522 2.071135 -26.240618
3.546181 2.109789 -25.347070
3.928127 2.064371 -26.384235
3.943330 2.077595 -25.868939
3.939109 2.093278 -25.519872
3.945376 2.069216 -26.036812
3.926528 2.065066 -26.132944
3.547881 2.103342 -25.287749
3.927229 2.056708 -26.293311
3.953421 2.090953 -25.576358
3.949255 2.083972 -25.724294
3.929843 2.083498 -25.607735
3.939249 2.091209 -25.497599
3.942466 2.091753 -25.772157
3.933346 2.077694 -25.312942
3.946596 2.083791 -25.206978
3.557608 2.092526 -25.222124
3.547245 2.103917 -25.040628
3.956829 2.085058 -25.530103
3.942841 2.099935 -25.365520
3.926755 2.086928 -25.378341
3.949985 2.084055 -25.729430
3.940960 2.071030 -26.031878
3.940444 2.084880 -25.683826
3.923366 2.066553 -26.131651
3.931778 2.097794 -25.528066
3.518270 2.112623 -24.988510
3.943732 2.098243 -25.101802