6.062068 2.046378 -10.809105
6.070622 2.059964 -10.624832
6.082575 2.052867 -10.953827
6.073560 2.044293 -10.950073
6.087550 2.055544 -11.065301
6.087292 2.061729 -10.647293
6.072351 2.045594 -10.950310
6.080633 2.047482 -10.849809
6.044598 2.047828 -11.072608
6.080177 2.053030 -10.670374
6.084787 2.048399 -11.174540
6.082805 2.060120 -11.058044
6.076797 2.052952 -11.368999
6.083616 2.058055 -11.041465
6.085219 2.052298 -11.485325
6.079718 2.054444 -11.183216
6.071062 2.049239 -11.732116
6.076243 2.043736 -11.482123
6.086213 2.050666 -11.227437
6.078874 2.047741 -11.077228
6.085916 2.051288 -11.481676
6.090102 2.049669 -11.271688
6.067796 2.034297 -11.974398
6.067796 2.034297 -11.974398
6.082630 2.053969 -11.469984
6.083630 2.041958 -11.817250
6.086758 2.046371 -11.425655
6.076004 2.050194 -11.568777
6.086009 2.057091 -11.313785
6.082359 2.053367 -11.207557
6.081967 2.048502 -11.383907
6.068697 2.040953 -11.331186
6.090372 2.055532 -11.107340
6.055420 2.029236 -11.720421
6.075453 2.045095 -10.989403
6.079143 2.048818 -11.096263
6.055067 2.029782 -11.972914
6.075271 2.055853 -10.636688
6.067854 2.068457 -10.701467
6.074587 2.069461 -10.565090
6.081619 2.053182 -10.943953
6.081619 2.053182 -10.943953
6.087853 2.057206 -11.092934
6.064862 2.047628 -10.867848
6.072824 2.028898 -11.722913
6.077517 2.044043 -11.005362
6.059471 2.059551 -10.954332
6.074377 2.044278 -11.211994
6.050782 2.041523 -11.074992
6.045732 2.031978 -11.616807
6.053783 2.029532 -11.450497
6.072604 2.039460 -11.118185
6.074267 2.057190 -10.890366
6.077716 2.048458 -11.070021
6.076437 2.058029 -10.934246
6.076612 2.060783 -10.725075
6.077617 2.048065 -10.813049
6.075295 2.044186 -10.974339
6.081659 2.053513 -10.949172
6.081659 2.053513 -10.949172
6.069325 2.051425 -10.986846
6.081017 2.054861 -11.208357
6.049821 2.029304 -11.639077
6.081148 2.059510 -11.024887
6.070866 2.051029 -11.004169
6.077092 2.059105 -10.958927
6.079689 2.041407 -11.250789
6.038730 2.023482 -11.644457
6.079098 2.049400 -11.353723
6.079520 2.042471 -11.513166
6.075498 2.055875 -11.390374
6.066979 2.036509 -11.993400
6.074919 2.049958 -11.299365
6.074919 2.049958 -11.299365
6.049031 2.024045 -12.053190
6.087353 2.051810 -11.010412
6.087353 2.051810 -11.010412
6.077429 2.048666 -11.068636
6.079439 2.046688 -11.320934
6.049031 2.024045 -12.053190
6.071186 2.044168 -11.413094
6.088034 2.055271 -11.318741
6.081820 2.052756 -11.441022
6.079763 2.055168 -11.443954
6.079763 2.055168 -11.443954
6.076736 2.054745 -11.393055
6.082969 2.052350 -11.702508
6.082969 2.052350 -11.702508
6.089135 2.051839 -11.537440
6.065914 2.056629 -11.258827
6.050701 2.047484 -11.657257
6.085189 2.059236 -11.331328
6.087526 2.052876 -11.777828
6.086255 2.059265 -11.347648
6.055698 2.024242 -12.653972
6.074534 2.066478 -11.273080
6.095461 2.055087 -11.677390
6.057532 2.031014 -12.776581
6.094273 2.061363 -11.996666
6.071088 2.042052 -12.382029