5.930162 2.008176 -0.633714
5.930162 2.008176 -0.633714
5.915445 2.029611 1.765128
5.915445 2.029611 1.765128
5.962786 2.067100 0.832806
5.932027 2.015073 1.242285
5.952209 2.058118 0.605891
5.964833 2.054591 0.477874
5.961919 2.061770 0.668942
5.963730 2.053308 0.511284
5.911536 2.022959 1.662793
5.959870 2.062446 0.688342
5.974628 2.065006 0.694851
5.946160 2.024022 -0.581058
5.948581 2.021939 -0.585349
5.918048 2.011947 1.229650
5.952204 2.047249 0.507643
5.952204 2.047249 0.507643
5.940277 2.035544 0.338276
5.942164 2.045223 0.676129
5.914936 2.008102 -0.422810
5.948000 2.059516 0.895261
5.952984 2.075280 1.107169
5.972848 2.081123 1.497328
5.909569 2.026695 -0.363082
5.962303 2.072607 1.263388
5.936034 2.025200 -0.456846
5.958215 2.058164 1.021097
5.874561 1.963722 0.514732
5.874561 1.963722 0.514732
5.956898 2.057767 0.795105
5.940565 2.055313 0.807395
5.928908 2.004546 -1.064565
5.878772 2.009366 -0.448733
5.973036 2.065272 0.713657
5.934747 2.023991 -0.171890
5.957197 2.046237 0.701882
5.911080 2.007541 -0.611929
5.954023 2.074557 1.352613
5.946337 2.051080 0.036056
5.945948 2.034099 0.029640
5.937818 2.039042 0.073270
5.950735 2.057964 0.628648
5.965973 2.072461 0.963773
5.978409 2.058998 0.474781
5.940315 2.046655 -0.068204
5.973504 2.054976 0.350199
5.934357 2.024884 -0.429110
5.961179 2.040316 -0.020989
5.953441 2.076515 1.333727
5.963879 2.055718 0.725604
5.947498 2.052711 0.747079
5.947498 2.052711 0.747079
5.945431 2.022680 -0.301881
5.972887 2.074387 1.339634
5.887497 1.995381 0.883140
5.955670 2.067513 1.176960
5.967123 2.050243 0.256312
5.918122 2.034223 1.913320
5.878440 1.975951 0.035204
5.965420 2.049051 0.296965
5.951864 2.027508 -0.710008
5.951864 2.027508 -0.710008
5.901853 1.988773 0.282983
5.918159 2.030909 1.459514
5.961772 2.068999 0.820750
5.922054 2.006465 0.752629
5.966430 2.056345 0.430956
5.963660 2.078578 1.161902
5.917918 2.006809 1.054639
5.976815 2.064219 0.924827
5.917913 2.011076 -0.506089
5.947461 2.049572 0.291440
5.947693 2.027705 -0.404515
5.948642 2.092134 1.186176
5.965173 2.035343 -0.257270
5.964790 2.072653 0.977776
5.963569 2.072675 0.994640
5.944947 2.055619 0.492104
5.944947 2.055619 0.492104
5.944947 2.055619 0.492104
5.921751 2.011180 -1.060400
5.913981 2.026158 1.333999
5.948649 2.059129 0.641578
5.935621 2.059675 0.315359
5.964744 2.062878 0.863818
5.952441 2.031550 -0.025140
5.961184 2.051875 0.567083
5.950239 2.032559 -0.008561
5.984765 2.084927 1.276214
5.954903 2.070009 1.153137
5.931693 2.021376 -0.342533
5.944001 2.040482 -0.032968
5.946033 2.077341 1.175825
5.952897 2.043408 0.051769
5.952897 2.043408 0.051769
5.950043 2.032562 -0.505877
5.963358 2.083309 1.101033
5.963358 2.083309 1.101033
5.973127 2.049075 0.437903