1.987248 2.097213 -15.478479
1.947697 2.101505 -15.398228
1.994132 2.103273 -15.300409
1.964308 2.134503 -13.975979
1.975641 2.112062 -15.070005
2.088994 2.090573 -15.977399
2.100139 2.125409 -14.311420
2.092169 2.104099 -15.353577
2.099141 2.093816 -15.786336
2.097872 2.090396 -16.002961
2.090035 2.094029 -16.010338
1.962626 2.109412 -15.259021
1.980207 2.113933 -14.849426
2.015008 2.108991 -15.161432
2.079603 2.094526 -15.732828
1.977043 2.101854 -15.487647
1.940606 2.111464 -14.961468
2.095712 2.105857 -15.379571
1.917305 2.117011 -14.689857
1.963019 2.113782 -15.047139
2.087390 2.103790 -15.336274
1.969761 2.096819 -15.673457
2.080842 2.098802 -15.523378
1.949359 2.074990 -16.678750
1.973806 2.120874 -14.639141
2.075929 2.091567 -15.696218
2.100064 2.105220 -15.137458
2.016269 2.106948 -15.147820
1.985191 2.133914 -13.783498
1.989065 2.118146 -14.661545
1.964517 2.115003 -14.811898
1.967539 2.103686 -15.725076
1.966059 2.111647 -15.038083
2.100939 2.105798 -15.645126
1.955262 2.106764 -15.464907
1.948969 2.110031 -15.473968
2.096877 2.104964 -15.625466
2.084477 2.099887 -16.043796
1.960552 2.107285 -15.484910
1.961184 2.111994 -15.276589
1.961442 2.130385 -14.182685
2.108136 2.092727 -15.804497
2.091191 2.097783 -15.796202
2.079904 2.091541 -16.458070
2.082606 2.100616 -16.044358
2.076302 2.100815 -16.026841
2.111167 2.103789 -15.909300
1.935630 2.111885 -15.700408
1.927590 2.107582 -15.890609
1.943272 2.103833 -16.154908
1.950791 2.134046 -14.431873
2.101661 2.098394 -16.083529
1.949683 2.114173 -15.761037
1.960184 2.116847 -15.064644
1.958193 2.108735 -15.240203
2.103452 2.105060 -15.646504
2.103830 2.116525 -14.996421
2.088225 2.065877 -17.262030
1.935384 2.108484 -15.421024
1.953291 2.109069 -15.728575
1.959805 2.107721 -15.736389
2.097833 2.104914 -15.627965
2.092776 2.110496 -15.660476
2.109553 2.106626 -15.678791
1.943056 2.118272 -15.276066
2.101524 2.118435 -15.255731
1.956330 2.111283 -15.756241
2.086896 2.098353 -16.787989
2.094734 2.108281 -16.147436
1.926108 2.084781 -17.444088
1.932473 2.115955 -15.725419
1.937204 2.115091 -15.732041
2.085020 2.105704 -15.845478
1.947970 2.106860 -15.944262
2.086550 2.096273 -16.019031
1.943837 2.102194 -15.892734
1.936854 2.077986 -17.167826
2.105961 2.110107 -15.697725
1.954892 2.114935 -15.532844
2.097896 2.116513 -15.727997
1.955268 2.102073 -15.925269
1.955100 2.095514 -15.869296
2.084221 2.098404 -16.030265
1.960067 2.134425 -14.212676
1.966771 2.115399 -15.321929
1.951164 2.108144 -15.464497
2.098629 2.098442 -15.824654
2.100291 2.106629 -15.400294
2.079541 2.104431 -15.317794
1.963075 2.108910 -15.256098
1.962087 2.109342 -15.256835
1.971243 2.107293 -15.266570
1.968253 2.104505 -15.234124
1.961363 2.108625 -14.998636
2.103198 2.123258 -14.302395
1.967803 2.117240 -14.590557
1.972092 2.108410 -15.028546
2.082319 2.102722 -15.311589
1.987815 2.108528 -15.076235
1.969656 2.109694 -15.032204